,heights_avg,social_avg,spider_avg,Q11,Q3
2,1.0,1.0,1.0,100,2
3,3.55,2.0,2.388888888888889,104,1
4,1.3,1.0,1.0,100,2
5,2.35,1.8333333333333333,2.611111111111111,105,2
6,2.05,1.9583333333333333,1.8333333333333333,106,2
7,1.7,1.0,1.2777777777777777,107,1
8,2.7,1.6666666666666667,5.0,108,2
9,2.25,1.75,1.7777777777777777,109,2
10,2.75,2.125,1.6666666666666667,110,2
11,3.9,1.9583333333333333,4.722222222222222,111,2
12,3.2,1.7083333333333333,2.888888888888889,112,2
13,2.1,2.5,1.3888888888888888,113,1
14,2.25,1.8333333333333333,4.666666666666667,114,2
15,1.95,1.8333333333333333,2.388888888888889,115,2
16,2.3,1.8333333333333333,1.7222222222222223,116,2
17,1.7,1.25,1.1111111111111112,118,2
18,2.85,1.9166666666666667,1.4444444444444444,119,1
19,1.3,1.7083333333333333,1.0,120,2
20,2.9,2.125,4.722222222222222,121,1
21,1.3,1.3333333333333333,2.5555555555555554,122,1
22,3.45,2.625,4.722222222222222,123,1
23,4.05,2.0,3.4444444444444446,124,2
24,1.5,1.6666666666666667,2.2222222222222223,126,2
25,2.55,2.2083333333333335,1.8888888888888888,127,1
26,1.5,1.7083333333333333,3.7777777777777777,128,2
27,1.8,1.4166666666666667,1.0,129,2
28,1.25,1.6666666666666667,1.0,130,2
29,1.25,1.2916666666666667,2.3333333333333335,131,1
30,1.95,2.125,1.8333333333333333,132,1
31,2.85,2.4166666666666665,2.7777777777777777,133,1
32,1.8,1.1666666666666667,1.3333333333333333,134,1
33,2.5,1.8333333333333333,1.1111111111111112,135,2
34,3.9,2.625,3.6666666666666665,136,2
35,1.9,1.9583333333333333,4.888888888888889,137,2
36,1.0,1.9583333333333333,1.0555555555555556,138,2
37,1.95,2.0,4.111111111111111,139,2
38,1.45,1.8333333333333333,3.3333333333333335,140,2
39,2.1,2.125,5.944444444444445,141,1
40,1.9,1.6666666666666667,6.444444444444445,142,1
41,2.25,1.8333333333333333,4.833333333333333,143,1
42,2.7,2.0416666666666665,2.111111111111111,144,2
43,2.5,2.0416666666666665,3.7777777777777777,145,1
44,2.1,1.75,2.2222222222222223,146,2
45,3.45,2.75,5.888888888888889,147,1
46,3.75,1.75,1.2222222222222223,148,2
47,3.15,1.5833333333333333,4.777777777777778,149,2
48,1.85,2.375,2.7777777777777777,150,2
49,1.75,2.0,2.5555555555555554,151,1
50,1.65,1.6666666666666667,6.111111111111111,152,2
51,1.25,1.2916666666666667,1.3888888888888888,153,2
52,3.2,2.9583333333333335,6.222222222222222,154,1
53,1.5,1.625,1.6111111111111112,155,1
54,2.55,2.5416666666666665,5.666666666666667,156,2
55,2.95,2.6666666666666665,4.444444444444445,157,1
56,2.85,2.25,1.8888888888888888,158,2
57,1.1,1.2083333333333333,6.055555555555555,159,2
58,1.6,1.5,1.0,160,1
59,1.8,2.5416666666666665,1.4444444444444444,161,2
60,1.1,2.0416666666666665,1.1666666666666667,162,1
61,3.5,1.9166666666666667,2.0,163,2
62,1.15,1.125,2.0,164,1
63,1.8,1.625,1.8888888888888888,165,1
64,1.85,1.5,2.3333333333333335,166,1
65,3.0,1.9166666666666667,5.833333333333333,167,1
66,1.75,1.25,1.2222222222222223,168,2
67,1.55,1.5833333333333333,1.1111111111111112,169,2
68,2.9,2.125,3.9444444444444446,170,1
69,1.95,1.5833333333333333,5.555555555555555,171,1
70,1.65,2.2916666666666665,3.5555555555555554,172,2
71,1.8,1.0833333333333333,1.7777777777777777,173,1
72,2.25,2.125,2.888888888888889,999,1
73,3.2,2.1666666666666665,4.055555555555555,174,1
74,1.65,2.125,6.555555555555555,176,1
75,3.1,1.9583333333333333,4.888888888888889,178,1
76,2.35,1.7916666666666667,5.555555555555555,179,2
77,3.2,1.625,4.944444444444445,180,1
78,3.95,2.8333333333333335,3.2777777777777777,181,1
79,2.8,2.25,2.8333333333333335,182,1
80,3.15,2.3333333333333335,1.5555555555555556,183,1
81,3.1,2.3333333333333335,2.6666666666666665,184,1
82,2.55,1.75,6.944444444444445,185,1
83,1.35,1.5833333333333333,1.2222222222222223,186,2
84,5.3,3.125,1.7222222222222223,187,1
85,3.25,2.4583333333333335,6.111111111111111,188,1
86,1.8,2.625,6.166666666666667,189,1
87,3.45,1.5416666666666667,4.777777777777778,190,1
88,4.2,1.5,2.9444444444444446,191,1
89,1.0,1.3333333333333333,3.1666666666666665,192,1
90,1.25,2.8333333333333335,1.2222222222222223,193,1
91,4.55,1.7083333333333333,5.555555555555555,194,1
92,1.75,1.875,1.7777777777777777,195,1
93,1.3,1.4166666666666667,1.3333333333333333,196,1
94,2.4,1.2083333333333333,3.4444444444444446,197,1
95,4.5,2.625,1.8333333333333333,198,1
96,1.55,1.875,1.0555555555555556,199,1
97,2.35,1.75,1.0,200,1
98,1.6,2.0,1.0555555555555556,201,2
99,2.3,1.7916666666666667,3.1666666666666665,202,2
100,1.8,1.3333333333333333,1.2222222222222223,203,2
101,2.55,1.75,2.5,204,2
102,2.45,2.2916666666666665,1.9444444444444444,205,1
103,1.5,1.9583333333333333,2.388888888888889,206,2
104,2.8,2.5833333333333335,5.333333333333333,207,1
105,2.65,2.0833333333333335,1.2222222222222223,208,2
106,2.3,1.9583333333333333,1.0,209,1
107,1.55,2.4583333333333335,2.9444444444444446,210,2
108,2.5,1.625,4.222222222222222,211,1
109,1.6,1.0833333333333333,1.0555555555555556,212,1
110,1.85,2.3333333333333335,2.0555555555555554,213,2
111,3.6,2.5416666666666665,2.5,214,2
112,2.65,1.875,4.833333333333333,215,1
113,2.15,1.1666666666666667,1.2777777777777777,216,1
114,1.9,1.5,2.5,217,2
115,2.25,1.4583333333333333,2.2777777777777777,218,2
116,1.7,1.4583333333333333,3.1666666666666665,219,1
117,2.8,2.6666666666666665,3.888888888888889,220,1
118,1.35,1.4166666666666667,1.4444444444444444,221,2
119,1.7,1.4583333333333333,1.6111111111111112,222,1
120,1.85,1.125,5.666666666666667,223,2
121,4.0,1.7083333333333333,4.0,224,1
122,1.7,1.5833333333333333,1.3888888888888888,225,1
123,2.75,2.0416666666666665,2.5555555555555554,995,1
124,1.7,1.375,1.0555555555555556,226,1
125,1.95,2.375,1.1666666666666667,227,1
126,2.55,2.4583333333333335,4.0,228,1
127,2.45,1.4166666666666667,4.444444444444445,229,1
128,1.2,1.625,1.0555555555555556,230,2
129,2.4,2.9166666666666665,2.4444444444444446,231,2
130,1.75,2.125,3.7222222222222223,232,1
131,1.8,1.5416666666666667,1.0555555555555556,233,2
